92
317
953
953
476
476
476
238
158
136
317
953
953
476
476
476
476
476
953
476
476
476
476
476
476
317
476
476
476
476
953
190
476
953
317
238
317
476
953
476
953
238
476
953
238
476
317
953
953
476
953
476
476
476
476
476
317
953
953
476
953
476
317
476
476
136
476
953
953
476
476
317
953
238
476
317
953
953
476
953
476
476
476
317
476
953
476
476
953
317
953
238
476
317
953
476
953
476
476
953
317
476
238
476
476
476
476
476
476
317
476
238
317
317
476
476
476
476
476
953
317
476
238
476
317
476
317
476
158
953
317
476
953
953
238
476
317
476
476
317
953
476
476
476
476
953
476
953
317
476
317
953
317
476
953
317
476
476
476
317
953
136
476
317
476
317
476
238
476
317
317
317
476
238
476
317
476
953
953
476
317
953
238
953
476
476
476
476
476
238
476
317
476
476
953
476
953
158
953
476
476
238
476
476
317
953
238
953
317
317
953
476
476
476
476
238
953
317
476
317
476
953
158
317
476
317
953
317
476
476
953
476
953
476
238
476
317
476
476
476
476
476
953
317
476
238
476
476
317
953
476
953
317
476
476
476
476
476
953
317
953
317
476
317
476
476
476
476
476
953
317
476
238
953
317
476
1518
0
897111232
32512
859426688
32767
896564872
32512
0
0
897110376
32512
859426728
32767
894896463
32512
8
0
896564872
32512
5
0
0
0
1
0
897110376
32512
807378936
32512
894895227
32512
2118
0
0
0
897111232
32512
859426544
32767
859426644
1
859426528
32767
725871085
0
4205958
0
-1
0
859426648
32767
807344616
32512
896883168
32512
46
0
859426864
32767
807378936
32512
807325056
32512
859426644
32767
859426848
32767
896563664
32512
0
0
133
0
897100592
32512
897101448
0
6336736
0
6335880
0
859427528
32767
859427512
32767
1
0
859427200
32767
894916854
32512
5
0
0
0
8
0
807344616
32512
859427152
32767
894949203
32512
-1
-1
-1
-1
0
0
0
0
623191333
623191333
623191333
623191333
0
0
0
0
0
0
0
0
0
0
0
0
0
0
0
0
0
0
0
0
-1
-1
-1
-1
0
0
0
0
0
0
65280
65280
0
0
0
0
791687226
808464432
976236602
808346673
0
0
0
0
16379424
0
-1
4
0
0
0
0
0
0
894916854
32512
5
0
0
0
0
0
807375888
32512
859427456
32767
894949203
32512
216
0
384
0
6337080
0
6337361
0
4217152
0
4231248
0
894920928
32512
4217152
0
6337080
0
807547545
32512
1
0
859427200
32767
6335880
0
4221516
0
0
0
65535
1
859427216
32767
4221538
0
2
0
4231213
0

32765
1160132435
32667
-1
-1
-1
-1
0
0
0
0
623191333
623191333
623191333
623191333
0
0
0
0
0
0
0
0
0
0
0
0
0
0
0
0
0
0
0
0
-1
-1
-1
-1
0
0
0
0
0
0
65280
65280
0
0
0
0
791687226
808464432
976236602
808346673
0
0
0
0
22573600
0
-1
0
0
0
0
0
0
0
1160100086
32667
5
0
0
0
0
0
1072559120
32667
271998272
32765
1160132435
32667
216
0
384
0
6337056
0
6337065
0
4216816
0
4230688
0
1160104160
32667
4216816
0
6337056
0
1072730777
32667
1
0
271998016
32765
6335880
0
4220952
0
0
0
65535
1
271998032
32765
4220974
0
2
0
4230653
0
