92
476
953
953
317
476
953
238
158
190
476
953
476
476
476
953
317
476
317
476
476
476
476
476
476
476
238
953
476
476
476
953
476
476
476
476
317
86
317
95
953
476
476
-2147483648
-2147483648
158
476
953
953
476
476
476
317
476
476
953
476
136
476
317
476
476
476
476
476
476
953
476
476
953
476
953
317
476
317
476
158
953
238
238
158
317
476
476
476
476
476
317
476
476
476
476
317
953
190
476
317
476
317
476
953
476
476
476
476
238
476
476
317
953
476
476
476
476
476
953
476
476
476
476
476
476
317
476
476
476
476
476
476
476
476
476
953
476
238
238
190
158
476
317
476
238
476
476
476
476
953
953
476
476
317
476
238
953
476
190
238
953
317
190
953
476
476
317
238
476
238
476
238
476
238
476
953
476
953
476
476
317
953
317
476
119
476
476
476
476
476
317
238
476
476
476
238
238
476
317
953
953
476
317
953
317
317
476
953
476
476
476
476
476
476
476
476
476
476
476
476
476
476
476
476
238
476
476
317
476
317
953
238
953
953
953
953
476
476
158
476
476
238
953
953
317
476
476
476
476
953
953
317
238
953
476
953
953
953
476
953
953
317
317
476
953
476
953
158
476
476
476
476
476
953
953
953
476
953
476
953
476
953
953
953
953
317
476
953
476
476
476
476
476
476
317
953
953
190
476
476
953
953
953
476
953
953
317
476
238
953
190
953
317
238
238
476
317
476
190
190
476
953
238
476
317
953
317
953
953
476
476
476
476
476
476
953
190
476
317
953
190
190
476
476
476
476
317
238
238
476
238
317
317
476
317
476
317
476
317
476
317
953
476
158
158
190
953
476
476
476
476
476
476
476
953
476
476
953
476
317
476
317
476
317
476
317
476
158
476
317
476
238
317
476
476
476
476
317
476
476
476
953
476
953
238
953
317
476
238
476
317
476
317
317
238
476
190
476
953
317
953
238
476
953
953
476
476
317
953
317
238
238
476
238
476
317
476
953
476
476
476
953
476
476
476
476
476
476
476
476
476
238
953
317
476
953
953
476
953
476
953
476
238
953
317
476
136
953
317
317
190
317
476
476
953
476
476
317
476
476
953
317
953
238
476
953
953
476
953
476
317
476
238
238
476
476
190
317
238
476
238
190
476

0
4231213
0
216
32765
1
0
-1212192528
32765
-1873012490
32697
5
0
0
0
1
0
-1960584728
32697
-1212192576
32765
-1872980141
32697
-1
-1
-1
-1
0
0
0
0
623191333
623191333
623191333
623191333
0
0
0
0
0
0
0
0
0
0
0
0
0
0
0
0
0
0
0
0
-1
-1
-1
-1
0
0
0
0
0
0
65280
65280
0
0
0
0
791687226
808464432
976236602
808346673
0
0
0
0
40717856
0
-1
2
0
0
0
0
0
0
-1960553456
32697
-1212192272
32765
-1872980141
32697
-1
-1
-1
-1
0
0
0
0
216
0
384
0
6337048
0
6337057
0
4216240
0
4216240
0
6337048
0
-1960381799
32697
1
0
-1212192528
32765
6335880
0
4219997
0
-1
-1
65535
1
-1212192512
32765
4220019
0
2
0
4228813
0
